ISS (ZARYA)             
1 25544U 98067A   20110.73034753 -.00014135  00000-0 -24642-3 0  9993
2 25544  51.6433 277.7944 0002012 165.2380 294.1637 15.49280247222958
NSIGHT                  
1 42726U 98067MF  20110.60305606  .00751867  35573-3  51420-3 0  9996
2 42726  51.6196 159.2421 0008567   2.5820 357.5239 16.15936523166242
KESTREL EYE IIM (KE2M)  
1 42982U 98067NE  20110.60421431  .00012068  00000-0  10876-3 0  9992
2 42982  51.6349 221.5100 0003101 235.3222 124.7483 15.68649196141831
ASTERIA                 
1 43020U 98067NH  20110.63631805  .00886067  52600-3  55392-3 0  9993
2 43020  51.6416 172.0317 0005248  12.2511 347.8633 16.17260578138263
DELLINGR (RBLE)         
1 43021U 98067NJ  20110.55695711  .00012386  00000-0  10869-3 0  9990
2 43021  51.6356 220.5113 0001010 206.0284 154.0662 15.69275121137617
1KUNS-PF                
1 43466U 98067NP  20110.68434789  .00105802  15264-4  34040-3 0  9998
2 43466  51.6280 202.2617 0006137 338.9332  21.1420 15.90812683111124
UBAKUSAT                
1 43467U 98067NQ  20110.56347235  .00023809  00000-0  17758-3 0  9996
2 43467  51.6328 224.2067 0000341 275.6307  84.4653 15.72621449110836
CUBERRT                 
1 43546U 98067NU  20110.15512202  .00011161  00000-0  90546-4 0  9992
2 43546  51.6342 225.2509 0002973 228.5452 131.5291 15.71315959100918
TEMPEST-D               
1 43547U 98067NV  20109.79120467  .00005314  00000-0  66052-4 0  9997
2 43547  51.6361 252.9247 0004829 187.8662 172.2257 15.61820274100192
RAINCUBE                
1 43548U 98067NW  20110.17665700  .00022449  00000-0  17660-3 0  9994
2 43548  51.6329 233.6189 0003826 235.5314 124.5323 15.71388738100930
HALOSAT                 
1 43549U 98067NX  20110.34508542  .00022236  00000-0  17866-3 0  9996
2 43549  51.6357 233.3055 0003196 238.8442 121.2243 15.70890518100511
ENDUROSAT ONE           
1 43551U 98067NZ  20109.68392309  .00040268  00000-0  25134-3 0  9998
2 43551  51.6348 228.0532 0003954 260.0810  99.9744 15.76457912100939
EQUISAT                 
1 43552U 98067PA  20109.76260586  .00023104  00000-0  18106-3 0  9990
2 43552  51.6351 234.7056 0004417 240.7363 119.3194 15.71457826100814
RADSAT-G                
1 43553U 98067PB  20109.65308519  .00015815  00000-0  14667-3 0  9996
2 43553  51.6397 241.6116 0004848 223.9049 136.1562 15.67651928100765
1998-067PC              
1 43554U 98067PC  20110.03572333  .00048051  00000-0  27960-3 0  9996
2 43554  51.6307 224.3829 0004521 270.3524  89.6958 15.77960028100551
AEROCUBE 12A            
1 43556U 18046C   20110.05287525  .00002136  00000-0  85698-4 0  9992
2 43556  51.6436  30.9378 0008864  83.2326 276.9663 15.29625388 98285
AEROCUBE 12B            
1 43557U 18046D   20110.23377329  .00001299  00000-0  57410-4 0  9995
2 43557  51.6440  30.6359 0008925  83.4822 276.7174 15.29371200 98251
LEMUR-2-VU              
1 43558U 18046E   20110.32415207  .00002946  00000-0  10969-3 0  9991
2 43558  51.6413  26.8256 0008228  86.7309 273.4613 15.30750722 98352
LEMUR-2-ALEXANDER       
1 43559U 18046F   20110.81601693  .00002691  00000-0  10080-3 0  9993
2 43559  51.6431  24.1203 0008172  87.8797 272.3119 15.30903787 98212
LEMUR-2-YUASA           
1 43560U 18046G   20110.07954326  .00002161  00000-0  83897-4 0  9996
2 43560  51.6424  28.1849 0008468  97.6570 262.5373 15.30683998 98315
LEMUR-2-TOMHENDERSON    
1 43561U 18046H   20110.47831700  .00001467  00000-0  61102-4 0  9994
2 43561  51.6430  26.3472 0008539  97.9036 262.2914 15.30553842 97933
SIRIUSSAT-1             
1 43595U 98067PG  20110.06837253  .00029408  00000-0  22831-3 0  9996
2 43595  51.6327 235.8658 0001909 234.7916 125.2904 15.71539997 95676
SIRIUSSAT-2             
1 43596U 98067PH  20110.18974401  .00024557  00000-0  19244-3 0  9991
2 43596  51.6333 235.9952 0002244 225.5815 134.4999 15.71424796 95688
TANUSHA-3               
1 43597U 98067PJ  20110.49459613  .00046148  00000-0  26014-3 0  9992
2 43597  51.6302 225.0888 0003014 289.6112  70.4564 15.78693307 95859
1998-067PK              
1 43598U 98067PK  20110.41282765  .00051156  00000-0  27479-3 0  9998
2 43598  51.6299 224.5764 0003127 294.7486  65.3190 15.79716889 95858
1998-067PN              
1 43638U 98067PN  20109.70015184  .00009835  00000-0  11211-3 0  9996
2 43638  51.6357 253.8018 0002047 171.1967 188.9064 15.62953265 87325
1998-067PP              
1 43639U 98067PP  20110.40988971  .00016489  00000-0  15711-3 0  9991
2 43639  51.6358 243.5512 0003416 184.6292 175.4673 15.66946169 87532
STARS-ME                
1 43640U 98067PQ  20109.91686632  .00013658  00000-0  14502-3 0  9998
2 43640  51.6345 249.9682 0004047 169.1510 190.9573 15.64388026 87407
ISS DEB (SEDA-AP)       
1 43870U 98067PU  20109.75755221  .00004296  00000-0  64132-4 0  9999
2 43870  51.6417 265.4756 0004571 177.8589 182.2418 15.57415225 75347
CATSAT-2                
1 44029U 98067PV  20109.90545441  .00016781  00000-0  18347-3 0  9992
2 44029  51.6380 257.4891 0003997 221.3710 138.6982 15.63443953 69201
DELPHINI                
1 44030U 98067PW  20110.78723019  .00018044  00000-0  19064-3 0  9992
2 44030  51.6341 252.0414 0003906 227.1705 132.8962 15.64259467 69323
UNITE                   
1 44031U 98067PX  20110.66086071  .00009326  00000-0  11798-3 0  9999
2 44031  51.6368 257.9990 0002969 212.3712 147.7100 15.60288527 69232
TECHEDSAT 8             
1 44032U 98067PY  20110.78810954  .06396286  12262-4  11899-2 0  9996
2 44032  51.6117 223.1726 0011634 321.7467  38.2729 16.31170249 69688
CATSAT-1                
1 44033U 98067PZ  20109.90528343  .00016554  00000-0  18101-3 0  9995
2 44033  51.6381 257.4931 0003781 219.4247 140.6473 15.63453444 69110
ISS DEB                 
1 44303U 98067QA  20110.44050028  .00003961  00000-0  67625-4 0  9990
2 44303  51.6404 273.0981 0005958 109.0168 251.1468 15.53886816 50584
ISS DEB                 
1 44304U 98067QB  20110.51280320  .00018489  00000-0  23329-3 0  9992
2 44304  51.6385 266.8336 0004395  95.8450 264.3044 15.59623693 50682
ISS DEB                 
1 44305U 98067QC  20110.43230201  .00020050  00000-0  23380-3 0  9991
2 44305  51.6352 264.6911 0003397 165.7668 194.3422 15.61636136 50705
ISS DEB                 
1 44306U 98067QD  20110.46260001  .00004607  00000-0  77452-4 0  9996
2 44306  51.6390 273.2023 0007232 105.6038 254.5751 15.53886819 50591
RAAVANA-1               
1 44329U 98067QE  20110.15890495  .00008788  00000-0  12689-3 0  9997
2 44329  51.6383 271.1901 0006281 141.7884 218.3554 15.56804579 47763
UGUISU                  
1 44330U 98067QF  20110.48951821  .00008485  00000-0  12304-3 0  9994
2 44330  51.6380 269.6447 0006243 141.4571 218.6868 15.56740133 47796
NEPALISAT-1             
1 44331U 98067QG  20110.15238366  .00008808  00000-0  12703-3 0  9993
2 44331  51.6381 271.1459 0006304 142.9697 217.1731 15.56832255 47758
SPOOQY-1                
1 44332U 98067QH  20110.47356516  .00008883  00000-0  12837-3 0  9998
2 44332  51.6381 269.5377 0005241 146.2320 213.9007 15.56768782 47762
PINOT                   
1 44364U 98067QJ  20110.55805722  .00004336  00000-0  73870-4 0  9994
2 44364  51.6479 273.1045 0007844 108.6236 251.5606 15.53676995 46186
IOD-1 GEMS              
1 44385U 98067QK  20110.47414809  .00012898  00000-0  17193-3 0  9997
2 44385  51.6396 268.8332 0002385 106.9678 253.1576 15.58493078 45281
SWIATOWID               
1 44426U 98067QL  20110.86457365  .00019522  00000-0  25108-3 0  9996
2 44426  51.6407 266.6090 0002882 108.9659  43.0233 15.59079101 45363
KRAKSAT                 
1 44427U 98067QM  20110.74476822  .00007176  00000-0  11130-3 0  9995
2 44427  51.6400 270.6330 0003679  99.0988 261.0419 15.55171417 45344
VCC A                   
1 44428U 98067QN  20109.99992012  .00010235  00000-0  14983-3 0  9994
2 44428  51.6403 273.1626 0002884 119.1171 241.0110 15.56222951 45245
ENTRYSAT                
1 44429U 98067QP  20110.70914140  .00012122  00000-0  17117-3 0  9991
2 44429  51.6386 268.8821 0002489 113.5527 246.5727 15.57004151 45366
VCC C                   
1 44430U 98067QQ  20110.14443983  .00012777  00000-0  17435-3 0  9992
2 44430  51.6385 271.1213 0002432 125.9700 234.1518 15.57872607 44119
VCC B                   
1 44431U 98067QR  20109.74406707  .00009104  00000-0  13397-3 0  9993
2 44431  51.6391 274.4447 0003038 116.9408 243.1894 15.56241416 45148
ISS DEB                 
1 44788U 98067QT  20110.64483959  .00016004  00000-0  24879-3 0  9997
2 44788  51.6423 275.1840 0005629 142.2230 217.9154 15.54086792 24245
ISS DEB                 
1 44789U 98067QU  20110.73030443  .00010901  00000-0  17420-3 0  9998
2 44789  51.6416 275.0226 0007714 147.2865 212.8499 15.53704300 24248
RWASAT-1                
1 44790U 98067QV  20110.07944624 -.00000475  00000-0  00000+0 0  9990
2 44790  51.6467 278.6905 0008960 152.9902 312.9508 15.52244161 23401
AQT-D                   
1 44791U 98067QW  20110.34376005  .00005264  00000-0  93948-4 0  9991
2 44791  51.6406 277.6779 0003108 126.5508 233.5768 15.51843195 23442
NARSSCUBE-1             
1 44792U 98067QX  20110.69696804  .00007692  00000-0  12960-3 0  9993
2 44792  51.6400 275.5364 0005807 152.4786 207.6512 15.52727357 23506
PROGRESS-MS 13          
1 44833U 19085A   20109.50391748  .00000070  00000-0  95075-5 0  9992
2 44833  51.6439 283.8563 0003693 126.9720 329.0839 15.48698257222763
STPSAT-4                
1 45043U 98067QY  20110.56606524  .00002110  00000-0  45591-4 0  9996
2 45043  51.6488 278.3959 0006442 148.3111 211.8269 15.49588934 12691
CYGNUS NG-13            
1 45175U 20011A   20109.50391748  .00000070  00000-0  95075-5 0  9993
2 45175  51.6439 283.8563 0003693 126.9720 329.0839 15.48698257222763
HARP                    
1 45256U 98067QZ  20110.34772501  .00005240  00000-0  98055-4 0  9997
2 45256  51.6414 279.1988 0008024 138.2390 221.9212 15.50484771  9335
1998-067RA              
1 45257U 98067RA  20110.34590621  .00004923  00000-0  92603-4 0  9999
2 45257  51.6411 279.1862 0008702 141.6287 218.5323 15.50483362  9330
PHOENIX                 
1 45258U 98067RB  20110.09037869  .00004715  00000-0  89355-4 0  9991
2 45258  51.6409 280.4772 0006758 122.5387 237.6256 15.50381352  9266
1998-067RC              
1 45259U 98067RC  20110.47407151  .00007376  00000-0  13407-3 0  9999
2 45259  51.6409 278.5418 0007986 140.6041 219.5530 15.50628169  9358
CRYOCUBE                
1 45260U 98067RD  20109.75931503  .00006787  00000-0  12344-3 0  9997
2 45260  51.6411 282.0188 0008812 137.0425 223.1254 15.50755328  9253
1998-067RE              
1 45261U 98067RE  20109.88589562  .00009144  00000-0  16259-3 0  9995
2 45261  51.6408 281.3641 0008571 138.6023 221.5617 15.50915495  9268
RADSAT-U                
1 45262U 98067RF  20109.76418954  .00004752  00000-0  89556-4 0  9990
2 45262  51.6415 282.0527 0007376 171.5635 188.5479 15.50520934  9252
QARMAN                  
1 45263U 98067RG  20110.41490085  .00006894  00000-0  12672-3 0  9993
2 45263  51.6409 278.8962 0008012 137.4301 222.7310 15.50424225  9375
SORTIE                  
1 45264U 98067RH  20109.96903294  .00003458  00000-0  68261-4 0  9992
2 45264  51.6416 281.1692 0008207 144.3525 215.8013 15.50125301  9277
ICS-EF (ISS DEB)        
1 45265U 98067RJ  20110.50577945  .00002101  00000-0  45544-4 0  9998
2 45265  51.6417 278.7508 0005976 146.5345 213.6022 15.49502504  9033
SOYUZ-MS 16             
1 45476U 20023A   20109.50391748  .00000070  00000-0  95075-5 0  9990
2 45476  51.6439 283.8563 0003693 126.9720 329.0839 15.48698257222767
